{
  "asset": {
    "generator": "gltfeditor.com",
    "version": "2.0"
  },
  "buffers": [
    {
      "uri": "Ellen.bin",
      "byteLength": 1273660
    }
  ],
  "bufferViews": [
    {
      "buffer": 0,
      "byteOffset": 0,
      "byteLength": 11968,
      "byteStride": 8,
      "target": 34962
    },
    {
      "buffer": 0,
      "byteOffset": 11968,
      "byteLength": 17952,
      "byteStride": 12,
      "target": 34962
    },
    {
      "buffer": 0,
      "byteOffset": 29920,
      "byteLength": 17952,
      "byteStride": 12,
      "target": 34962
    },
    {
      "buffer": 0,
      "byteOffset": 47872,
      "byteLength": 11968,
      "byteStride": 8,
      "target": 34962
    },
    {
      "buffer": 0,
      "byteOffset": 59840,
      "byteLength": 23936,
      "byteStride": 16,
      "target": 34962
    },
    {
      "buffer": 0,
      "byteOffset": 83776,
      "byteLength": 13374,
      "target": 34963
    },
    {
      "buffer": 0,
      "byteOffset": 97152,
      "byteLength": 78000,
      "byteStride": 8,
      "target": 34962
    },
    {
      "buffer": 0,
      "byteOffset": 175152,
      "byteLength": 117000,
      "byteStride": 12,
      "target": 34962
    },
    {
      "buffer": 0,
      "byteOffset": 292152,
      "byteLength": 117000,
      "byteStride": 12,
      "target": 34962
    },
    {
      "buffer": 0,
      "byteOffset": 409152,
      "byteLength": 78000,
      "byteStride": 8,
      "target": 34962
    },
    {
      "buffer": 0,
      "byteOffset": 487152,
      "byteLength": 156000,
      "byteStride": 16,
      "target": 34962
    },
    {
      "buffer": 0,
      "byteOffset": 643152,
      "byteLength": 94446,
      "target": 34963
    },
    {
      "buffer": 0,
      "byteOffset": 737600,
      "byteLength": 56440,
      "byteStride": 8,
      "target": 34962
    },
    {
      "buffer": 0,
      "byteOffset": 794040,
      "byteLength": 84660,
      "byteStride": 12,
      "target": 34962
    },
    {
      "buffer": 0,
      "byteOffset": 878700,
      "byteLength": 84660,
      "byteStride": 12,
      "target": 34962
    },
    {
      "buffer": 0,
      "byteOffset": 963360,
      "byteLength": 56440,
      "byteStride": 8,
      "target": 34962
    },
    {
      "buffer": 0,
      "byteOffset": 1019800,
      "byteLength": 112880,
      "byteStride": 16,
      "target": 34962
    },
    {
      "buffer": 0,
      "byteOffset": 1132680,
      "byteLength": 69600,
      "target": 34963
    },
    {
      "buffer": 0,
      "byteOffset": 1202280,
      "byteLength": 2608,
      "byteStride": 8,
      "target": 34962
    },
    {
      "buffer": 0,
      "byteOffset": 1204888,
      "byteLength": 3912,
      "byteStride": 12,
      "target": 34962
    },
    {
      "buffer": 0,
      "byteOffset": 1208800,
      "byteLength": 3912,
      "byteStride": 12,
      "target": 34962
    },
    {
      "buffer": 0,
      "byteOffset": 1212712,
      "byteLength": 2608,
      "byteStride": 8,
      "target": 34962
    },
    {
      "buffer": 0,
      "byteOffset": 1215320,
      "byteLength": 5216,
      "byteStride": 16,
      "target": 34962
    },
    {
      "buffer": 0,
      "byteOffset": 1220536,
      "byteLength": 3672,
      "target": 34963
    },
    {
      "buffer": 0,
      "byteOffset": 1224208,
      "byteLength": 1360,
      "byteStride": 8,
      "target": 34962
    },
    {
      "buffer": 0,
      "byteOffset": 1225568,
      "byteLength": 2040,
      "byteStride": 12,
      "target": 34962
    },
    {
      "buffer": 0,
      "byteOffset": 1227608,
      "byteLength": 2040,
      "byteStride": 12,
      "target": 34962
    },
    {
      "buffer": 0,
      "byteOffset": 1229648,
      "byteLength": 1360,
      "byteStride": 8,
      "target": 34962
    },
    {
      "buffer": 0,
      "byteOffset": 1231008,
      "byteLength": 2720,
      "byteStride": 16,
      "target": 34962
    },
    {
      "buffer": 0,
      "byteOffset": 1233728,
      "byteLength": 864,
      "target": 34963
    },
    {
      "buffer": 0,
      "byteOffset": 1234592,
      "byteLength": 800,
      "byteStride": 8,
      "target": 34962
    },
    {
      "buffer": 0,
      "byteOffset": 1235392,
      "byteLength": 1200,
      "byteStride": 12,
      "target": 34962
    },
    {
      "buffer": 0,
      "byteOffset": 1236592,
      "byteLength": 1200,
      "byteStride": 12,
      "target": 34962
    },
    {
      "buffer": 0,
      "byteOffset": 1237792,
      "byteLength": 800,
      "byteStride": 8,
      "target": 34962
    },
    {
      "buffer": 0,
      "byteOffset": 1238592,
      "byteLength": 1600,
      "byteStride": 16,
      "target": 34962
    },
    {
      "buffer": 0,
      "byteOffset": 1240192,
      "byteLength": 828,
      "target": 34963
    },
    {
      "buffer": 0,
      "byteOffset": 1241020,
      "byteLength": 5440
    }
  ],
  "accessors": [
    {
      "bufferView": 0,
      "byteOffset": 0,
      "componentType": 5123,
      "normalized": false,
      "count": 1496,
      "min": [
        5,
        0,
        0,
        0
      ],
      "max": [
        36,
        36,
        36,
        0
      ],
      "type": "VEC4"
    },
    {
      "bufferView": 1,
      "byteOffset": 0,
      "componentType": 5126,
      "normalized": false,
      "count": 1496,
      "min": [
        -0.9993546605110168,
        -0.9990584254264832,
        -0.9965363144874573
      ],
      "max": [
        0.9998931288719177,
        0.9995254874229431,
        0.9993786215782166
      ],
      "type": "VEC3"
    },
    {
      "bufferView": 2,
      "byteOffset": 0,
      "componentType": 5126,
      "normalized": false,
      "count": 1496,
      "min": [
        -0.08655885607004166,
        1.4397867918014526,
        -0.133656844496727
      ],
      "max": [
        0.13101617991924286,
        1.672670841217041,
        0.13840310275554657
      ],
      "type": "VEC3"
    },
    {
      "bufferView": 3,
      "byteOffset": 0,
      "componentType": 5126,
      "normalized": false,
      "count": 1496,
      "min": [
        0.0175430029630661,
        0.016952693462371826
      ],
      "max": [
        0.9955679774284363,
        0.990900993347168
      ],
      "type": "VEC2"
    },
    {
      "bufferView": 4,
      "byteOffset": 0,
      "componentType": 5126,
      "normalized": false,
      "count": 1496,
      "min": [
        0.3442682921886444,
        0,
        0,
        0
      ],
      "max": [
        1,
        0.49695494771003723,
        0.3278542160987854,
        0
      ],
      "type": "VEC4"
    },
    {
      "bufferView": 5,
      "byteOffset": 0,
      "componentType": 5123,
      "normalized": false,
      "count": 6687,
      "min": [
        0
      ],
      "max": [
        1495
      ],
      "type": "SCALAR"
    },
    {
      "bufferView": 6,
      "byteOffset": 0,
      "componentType": 5123,
      "normalized": false,
      "count": 9750,
      "min": [
        0,
        0,
        0,
        0
      ],
      "max": [
        84,
        84,
        84,
        0
      ],
      "type": "VEC4"
    },
    {
      "bufferView": 7,
      "byteOffset": 0,
      "componentType": 5126,
      "normalized": false,
      "count": 9750,
      "min": [
        -1,
        -1,
        -1
      ],
      "max": [
        1,
        1,
        1
      ],
      "type": "VEC3"
    },
    {
      "bufferView": 8,
      "byteOffset": 0,
      "componentType": 5126,
      "normalized": false,
      "count": 9750,
      "min": [
        -0.7617040872573853,
        -0.0001675150851951912,
        -0.1028173491358757
      ],
      "max": [
        0.7617040872573853,
        1.4143753051757812,
        0.1498473584651947
      ],
      "type": "VEC3"
    },
    {
      "bufferView": 9,
      "byteOffset": 0,
      "componentType": 5126,
      "normalized": false,
      "count": 9750,
      "min": [
        0.0043863942846655846,
        0.004698216915130615
      ],
      "max": [
        0.9962753057479858,
        0.9959999918937683
      ],
      "type": "VEC2"
    },
    {
      "bufferView": 10,
      "byteOffset": 0,
      "componentType": 5126,
      "normalized": false,
      "count": 9750,
      "min": [
        0.3973061442375183,
        0,
        0,
        0
      ],
      "max": [
        1,
        0.49908506870269775,
        0.2866156995296478,
        0
      ],
      "type": "VEC4"
    },
    {
      "bufferView": 11,
      "byteOffset": 0,
      "componentType": 5123,
      "normalized": false,
      "count": 47223,
      "min": [
        0
      ],
      "max": [
        9749
      ],
      "type": "SCALAR"
    },
    {
      "bufferView": 12,
      "byteOffset": 0,
      "componentType": 5123,
      "normalized": false,
      "count": 7055,
      "min": [
        3,
        0,
        0,
        0
      ],
      "max": [
        38,
        38,
        58,
        39
      ],
      "type": "VEC4"
    },
    {
      "bufferView": 13,
      "byteOffset": 0,
      "componentType": 5126,
      "normalized": false,
      "count": 7055,
      "min": [
        -0.9998200535774231,
        -0.9997066855430603,
        -0.9998719096183777
      ],
      "max": [
        0.9998200535774231,
        0.9998649954795837,
        0.9999254941940308
      ],
      "type": "VEC3"
    },
    {
      "bufferView": 14,
      "byteOffset": 0,
      "componentType": 5126,
      "normalized": false,
      "count": 7055,
      "min": [
        -0.10175386071205139,
        1.3227473497390747,
        -0.11183832585811615
      ],
      "max": [
        0.10186748951673508,
        1.6495829820632935,
        0.13256116211414337
      ],
      "type": "VEC3"
    },
    {
      "bufferView": 15,
      "byteOffset": 0,
      "componentType": 5126,
      "normalized": false,
      "count": 7055,
      "min": [
        0.010700000450015068,
        0.010500013828277588
      ],
      "max": [
        0.985447883605957,
        0.9948726892471313
      ],
      "type": "VEC2"
    },
    {
      "bufferView": 16,
      "byteOffset": 0,
      "componentType": 5126,
      "normalized": false,
      "count": 7055,
      "min": [
        0.39076879620552063,
        0,
        0,
        0
      ],
      "max": [
        1,
        0.49974504113197327,
        0.28246554732322693,
        0.07335827499628067
      ],
      "type": "VEC4"
    },
    {
      "bufferView": 17,
      "byteOffset": 0,
      "componentType": 5123,
      "normalized": false,
      "count": 34800,
      "min": [
        0
      ],
      "max": [
        7054
      ],
      "type": "SCALAR"
    },
    {
      "bufferView": 18,
      "byteOffset": 0,
      "componentType": 5123,
      "normalized": false,
      "count": 326,
      "min": [
        17,
        0,
        0,
        0
      ],
      "max": [
        31,
        0,
        0,
        0
      ],
      "type": "VEC4"
    },
    {
      "bufferView": 19,
      "byteOffset": 0,
      "componentType": 5126,
      "normalized": false,
      "count": 326,
      "min": [
        -0.9703959822654724,
        -0.9853659272193909,
        -0.3420203626155853
      ],
      "max": [
        0.970396101474762,
        0.9853658676147461,
        1
      ],
      "type": "VEC3"
    },
    {
      "bufferView": 20,
      "byteOffset": 0,
      "componentType": 5126,
      "normalized": false,
      "count": 326,
      "min": [
        -0.06125745549798012,
        1.4891763925552368,
        0.06228160113096237
      ],
      "max": [
        0.06125742942094803,
        1.5323472023010254,
        0.09515915811061859
      ],
      "type": "VEC3"
    },
    {
      "bufferView": 21,
      "byteOffset": 0,
      "componentType": 5126,
      "normalized": false,
      "count": 326,
      "min": [
        0.030021682381629944,
        0.03240549564361572
      ],
      "max": [
        0.9640389680862427,
        0.981006383895874
      ],
      "type": "VEC2"
    },
    {
      "bufferView": 22,
      "byteOffset": 0,
      "componentType": 5126,
      "normalized": false,
      "count": 326,
      "min": [
        1,
        0,
        0,
        0
      ],
      "max": [
        1,
        0,
        0,
        0
      ],
      "type": "VEC4"
    },
    {
      "bufferView": 23,
      "byteOffset": 0,
      "componentType": 5123,
      "normalized": false,
      "count": 1836,
      "min": [
        0
      ],
      "max": [
        325
      ],
      "type": "SCALAR"
    },
    {
      "bufferView": 24,
      "byteOffset": 0,
      "componentType": 5123,
      "normalized": false,
      "count": 170,
      "min": [
        5,
        5,
        0,
        0
      ],
      "max": [
        32,
        32,
        0,
        0
      ],
      "type": "VEC4"
    },
    {
      "bufferView": 25,
      "byteOffset": 0,
      "componentType": 5126,
      "normalized": false,
      "count": 170,
      "min": [
        -0.9832670092582703,
        -0.7630511522293091,
        -0.05234250798821449
      ],
      "max": [
        0.9832670092582703,
        0.9988589286804199,
        0.9923169016838074
      ],
      "type": "VEC3"
    },
    {
      "bufferView": 26,
      "byteOffset": 0,
      "componentType": 5126,
      "normalized": false,
      "count": 170,
      "min": [
        -0.06236754357814789,
        1.4961628913879395,
        0.07360773533582687
      ],
      "max": [
        0.06236754357814789,
        1.5084425210952759,
        0.09139228612184525
      ],
      "type": "VEC3"
    },
    {
      "bufferView": 27,
      "byteOffset": 0,
      "componentType": 5126,
      "normalized": false,
      "count": 170,
      "min": [
        0.4773913621902466,
        0.181566059589386
      ],
      "max": [
        0.9780426025390625,
        0.34725552797317505
      ],
      "type": "VEC2"
    },
    {
      "bufferView": 28,
      "byteOffset": 0,
      "componentType": 5126,
      "normalized": false,
      "count": 170,
      "min": [
        0.5022900700569153,
        0.006851077079772949,
        0,
        0
      ],
      "max": [
        0.993148922920227,
        0.4977099299430847,
        0,
        0
      ],
      "type": "VEC4"
    },
    {
      "bufferView": 29,
      "byteOffset": 0,
      "componentType": 5123,
      "normalized": false,
      "count": 432,
      "min": [
        0
      ],
      "max": [
        169
      ],
      "type": "SCALAR"
    },
    {
      "bufferView": 30,
      "byteOffset": 0,
      "componentType": 5123,
      "normalized": false,
      "count": 100,
      "min": [
        5,
        5,
        0,
        0
      ],
      "max": [
        33,
        33,
        36,
        0
      ],
      "type": "VEC4"
    },
    {
      "bufferView": 31,
      "byteOffset": 0,
      "componentType": 5126,
      "normalized": false,
      "count": 100,
      "min": [
        -0.7984480261802673,
        -0.9890411496162415,
        -0.7847561836242676
      ],
      "max": [
        0.7984480261802673,
        -0.4549761414527893,
        0.735758364200592
      ],
      "type": "VEC3"
    },
    {
      "bufferView": 32,
      "byteOffset": 0,
      "componentType": 5126,
      "normalized": false,
      "count": 100,
      "min": [
        -0.07681576162576675,
        1.5050731897354126,
        0.07064442336559296
      ],
      "max": [
        0.07681576162576675,
        1.5216537714004517,
        0.10304427891969681
      ],
      "type": "VEC3"
    },
    {
      "bufferView": 33,
      "byteOffset": 0,
      "componentType": 5126,
      "normalized": false,
      "count": 100,
      "min": [
        0.91290283203125,
        0.13739359378814697
      ],
      "max": [
        0.9844135046005249,
        0.3297920227050781
      ],
      "type": "VEC2"
    },
    {
      "bufferView": 34,
      "byteOffset": 0,
      "componentType": 5126,
      "normalized": false,
      "count": 100,
      "min": [
        0.4980044960975647,
        0.03419503942131996,
        0,
        0
      ],
      "max": [
        0.9556391835212708,
        0.4988678991794586,
        0.03392301872372627,
        0
      ],
      "type": "VEC4"
    },
    {
      "bufferView": 35,
      "byteOffset": 0,
      "componentType": 5123,
      "normalized": false,
      "count": 414,
      "min": [
        0
      ],
      "max": [
        99
      ],
      "type": "SCALAR"
    },
    {
      "bufferView": 36,
      "byteOffset": 0,
      "componentType": 5126,
      "count": 85,
      "type": "MAT4",
      "min": [
        -0.2190060168504715,
        -1.0000017881393433,
        -1,
        0,
        -0.9997309446334839,
        -1,
        -0.9999719858169556,
        0,
        -0.9967904686927795,
        -0.13930130004882812,
        -1,
        0,
        -1.547433614730835,
        -1.5066659450531006,
        -0.5664109587669373,
        1
      ],
      "max": [
        1,
        1.0000026226043701,
        0.12728096544742584,
        0,
        1,
        1,
        0.9969172477722168,
        0,
        0.9999719858169556,
        0.49732112884521484,
        1,
        0,
        1.5636073350906372,
        1.4303163290023804,
        1.4253315925598145,
        1
      ]
    }
  ],
  "scene": 0,
  "scenes": [
    {
      "nodes": [
        108
      ],
      "name": "Root Scene"
    }
  ],
  "nodes": [
    {
      "name": "Ellen_Body",
      "mesh": 0,
      "skin": 0
    },
    {
      "name": "Ellen_HeadEnd",
      "matrix": [
        1,
        4.830715781349681e-32,
        0,
        0,
        -4.830715781349681e-32,
        1,
        0,
        0,
        0,
        0,
        1,
        0,
        0.25294384360313416,
        2.8222798989334386e-16,
        -5.46784814481599e-17,
        1
      ]
    },
    {
      "name": "Ellen_JawEnd",
      "matrix": [
        1,
        0,
        -5.546678239835239e-32,
        0,
        0,
        1,
        4.622231866529366e-32,
        0,
        5.546678239835239e-32,
        -4.622231866529366e-32,
        1,
        0,
        0.07773014158010483,
        0,
        1.7259558577921125e-17,
        1
      ]
    },
    {
      "name": "Ellen_Left_LowerMouth",
      "matrix": [
        1,
        0,
        8.326672684688674e-17,
        0,
        -1.1555579666323415e-32,
        1,
        1.3877787807814457e-16,
        0,
        -8.326672684688674e-17,
        -1.3877787807814457e-16,
        1,
        0,
        0.06429684162139893,
        0.03327080234885216,
        -0.016939176246523857,
        1
      ]
    },
    {
      "name": "Ellen_LowerMouth",
      "matrix": [
        1,
        0,
        8.326672684688674e-17,
        0,
        -1.1555579666323415e-32,
        1,
        1.3877787807814457e-16,
        0,
        -8.326672684688674e-17,
        -1.3877787807814457e-16,
        1,
        0,
        0.06982177495956421,
        0.0336705818772316,
        1.5106180795957755e-17,
        1
      ]
    },
    {
      "name": "Ellen_Right_LowerMouth",
      "matrix": [
        1,
        0,
        8.326672684688674e-17,
        0,
        -1.1555579666323415e-32,
        1,
        1.3877787807814457e-16,
        0,
        -8.326672684688674e-17,
        -1.3877787807814457e-16,
        1,
        0,
        0.06429554522037506,
        0.0332731157541275,
        0.016939200460910797,
        1
      ]
    },
    {
      "name": "Ellen_Jaw",
      "children": [
        2,
        3,
        4,
        5
      ],
      "matrix": [
        -0.4973210096359253,
        0,
        0.8675665259361267,
        0,
        0.8675665259361267,
        5.2243663617446146e-8,
        0.49732106924057007,
        0,
        0,
        0.9999999403953552,
        5.2243663617446146e-8,
        0,
        0.009947283193469048,
        -7.58175419143731e-17,
        0.03185613453388214,
        1
      ]
    },
    {
      "name": "Ellen_Left_UpperMouth",
      "matrix": [
        1,
        4.830715781349681e-32,
        0,
        0,
        -4.830715781349681e-32,
        1,
        0,
        0,
        0,
        0,
        1,
        0,
        0.01095188595354557,
        -0.016939176246523857,
        0.10532936453819275,
        1
      ]
    },
    {
      "name": "Ellen_UpperMouth",
      "matrix": [
        1,
        4.830715781349681e-32,
        0,
        0,
        -4.830715781349681e-32,
        1,
        0,
        0,
        0,
        0,
        1,
        0,
        0.009703392162919044,
        -7.645603932048033e-17,
        0.11099901050329208,
        1
      ]
    },
    {
      "name": "Ellen_Left_Mouth",
      "matrix": [
        1,
        4.830715781349681e-32,
        0,
        0,
        -4.830715781349681e-32,
        1,
        0,
        0,
        0,
        0,
        1,
        0,
        0.014438359066843987,
        -0.03270920738577843,
        0.093694768846035,
        1
      ]
    },
    {
      "name": "Ellen_Left_Nostril",
      "matrix": [
        1,
        4.830715781349681e-32,
        0,
        0,
        -4.830715781349681e-32,
        1,
        0,
        0,
        0,
        0,
        1,
        0,
        0.03742927312850952,
        -0.01640998013317585,
        0.10998010635375977,
        1
      ]
    },
    {
      "name": "Ellen_Left_EyebrowIntermediate",
      "matrix": [
        1,
        4.830715781349681e-32,
        0,
        0,
        -4.830715781349681e-32,
        1,
        0,
        0,
        0,
        0,
        1,
        0,
        0.12863200902938843,
        -0.043015625327825546,
        0.11057043820619583,
        1
      ]
    },
    {
      "name": "Ellen_Left_EyebrowProximal",
      "matrix": [
        1,
        4.830715781349681e-32,
        0,
        0,
        -4.830715781349681e-32,
        1,
        0,
        0,
        0,
        0,
        1,
        0,
        0.1179361492395401,
        -0.020075835287570953,
        0.11603943258523941,
        1
      ]
    },
    {
      "name": "Ellen_Left_EyebrowDistal",
      "matrix": [
        1,
        4.830715781349681e-32,
        0,
        0,
        -4.830715781349681e-32,
        1,
        0,
        0,
        0,
        0,
        1,
        0,
        0.12370628118515015,
        -0.06708129495382309,
        0.0953860655426979,
        1
      ]
    },
    {
      "name": "Ellen_Left_Eye",
      "matrix": [
        1,
        1.513789094076401e-13,
        -1.6653345369377348e-16,
        0,
        -1.513789094076401e-13,
        1,
        2.7755575615628914e-16,
        0,
        1.6653345369377348e-16,
        -2.7755575615628914e-16,
        1,
        0,
        0.09196022897958755,
        -0.03999999910593033,
        0.07572999596595764,
        1
      ]
    },
    {
      "name": "Ellen_Left_LowerEyelid",
      "matrix": [
        1,
        4.830715781349681e-32,
        0,
        0,
        -4.830715781349681e-32,
        1,
        0,
        0,
        0,
        0,
        1,
        0,
        0.07791285961866379,
        -0.040060196071863174,
        0.09371063858270645,
        1
      ]
    },
    {
      "name": "Ellen_Left_Cheek",
      "matrix": [
        1,
        4.830715781349681e-32,
        0,
        0,
        -4.830715781349681e-32,
        1,
        0,
        0,
        0,
        0,
        1,
        0,
        0.05581887438893318,
        -0.04167914390563965,
        0.10033990442752838,
        1
      ]
    },
    {
      "name": "Ellen_Left_UpperEyelid",
      "matrix": [
        1,
        4.830715781349681e-32,
        0,
        0,
        -4.830715781349681e-32,
        1,
        0,
        0,
        0,
        0,
        1,
        0,
        0.09907945245504379,
        -0.040060196071863174,
        0.09921256452798843,
        1
      ]
    },
    {
      "name": "Ellen_Hair_SideEnd",
      "matrix": [
        1,
        -2.7755575615628914e-17,
        0,
        0,
        2.7755575615628914e-17,
        1,
        2.7755575615628914e-17,
        0,
        -7.703719777548943e-34,
        -2.7755575615628914e-17,
        1,
        0,
        0.04903389513492584,
        2.8421708795129297e-16,
        -3.552713599391162e-17,
        1
      ]
    },
    {
      "name": "Ellen_Hair_SideDistal",
      "children": [
        18
      ],
      "matrix": [
        0.4330127239227295,
        0.75,
        0.5,
        0,
        -0.8660253882408142,
        0.5,
        1.1342695671601177e-8,
        0,
        -0.25,
        -0.4330126941204071,
        0.8660253882408142,
        0,
        0.09096314013004303,
        1.776356733521132e-16,
        4.44089183380283e-17,
        1
      ]
    },
    {
      "name": "Ellen_Hair_SideIntermediate",
      "children": [
        19
      ],
      "matrix": [
        0.7963693737983704,
        -0.6048105955123901,
        -1.3877789462175682e-17,
        0,
        0.6048105955123901,
        0.7963693737983704,
        1.1102230246251565e-16,
        0,
        -5.60956171997531e-17,
        -9.680819625252694e-17,
        1,
        0,
        0.09988152235746384,
        -1.4210854397564648e-16,
        1.776356799695581e-17,
        1
      ]
    },
    {
      "name": "Ellen_Hair_SideProximal",
      "children": [
        20
      ],
      "matrix": [
        -0.8101821541786194,
        -0.5178338289260864,
        0.2746875584125519,
        0,
        0.5861783623695374,
        -0.7157201766967773,
        0.3796573579311371,
        0,
        -2.7467770280509285e-9,
        0.46860745549201965,
        0.8834065198898315,
        0,
        0.2237953096628189,
        -0.049757011234760284,
        -0.00004477867696550675,
        1
      ]
    },
    {
      "name": "Ellen_Hair_FrontalLeftEnd",
      "matrix": [
        1,
        -6.938893903907228e-18,
        5.551115123125783e-17,
        0,
        6.938893903907228e-18,
        1,
        0,
        0,
        -5.551115123125783e-17,
        3.851859888774472e-34,
        1,
        0,
        0.07057825475931168,
        -3.552713599391162e-17,
        0,
        1
      ]
    },
    {
      "name": "Ellen_Hair_FrontalLeft",
      "children": [
        22
      ],
      "matrix": [
        0.4691402018070221,
        -0.8272943496704102,
        0.30901700258255005,
        0,
        0.8698687553405762,
        0.493283212184906,
        -2.17727169626869e-10,
        0,
        -0.1524329036474228,
        0.26880425214767456,
        0.9510565400123596,
        0,
        0.09316512942314148,
        0,
        1.776356799695581e-17,
        1
      ]
    },
    {
      "name": "Ellen_HairFrontalRightEnd",
      "matrix": [
        1,
        4.2500725161431774e-17,
        -5.551115123125783e-17,
        0,
        -4.2500725161431774e-17,
        1,
        -1.3877787807814457e-17,
        0,
        5.551115123125783e-17,
        1.3877787807814457e-17,
        1,
        0,
        0.08461037278175354,
        0,
        0,
        1
      ]
    },
    {
      "name": "Ellen_HairFrontalRight",
      "children": [
        24
      ],
      "matrix": [
        0.9081939458847046,
        0.3819691836833954,
        0.17112374305725098,
        0,
        -0.3876877427101135,
        0.9217907786369324,
        -1.0672653871779403e-9,
        0,
        -0.1577402949333191,
        -0.06634257733821869,
        0.9852495193481445,
        0,
        -0.0201564971357584,
        -0.07086172699928284,
        0.020871341228485107,
        1
      ]
    },
    {
      "name": "Ellen_Hair_FrontalBase",
      "children": [
        23,
        25
      ],
      "matrix": [
        -0.6592201590538025,
        -0.749041736125946,
        0.06606993079185486,
        0,
        0.7519499659538269,
        -0.6566705703735352,
        0.05792224407196045,
        0,
        4.323275071271837e-11,
        0.08786479383707047,
        0.9961324334144592,
        0,
        0.22313794493675232,
        -0.012683479115366936,
        0.09037613868713379,
        1
      ]
    },
    {
      "name": "Ellen_Right_Mouth",
      "matrix": [
        1,
        4.830715781349681e-32,
        0,
        0,
        -4.830715781349681e-32,
        1,
        0,
        0,
        0,
        0,
        1,
        0,
        0.014438390731811523,
        0.03270919993519783,
        0.09369472414255142,
        1
      ]
    },
    {
      "name": "Ellen_Right_UpperMouth",
      "matrix": [
        1,
        4.830715781349681e-32,
        0,
        0,
        -4.830715781349681e-32,
        1,
        0,
        0,
        0,
        0,
        1,
        0,
        0.010948390699923038,
        0.016939200460910797,
        0.10532922297716141,
        1
      ]
    },
    {
      "name": "Ellen_Right_Nostril",
      "matrix": [
        1,
        4.830715781349681e-32,
        0,
        0,
        -4.830715781349681e-32,
        1,
        0,
        0,
        0,
        0,
        1,
        0,
        0.037428390234708786,
        0.01641000062227249,
        0.10998022556304932,
        1
      ]
    },
    {
      "name": "Ellen_Right_Cheek",
      "matrix": [
        1,
        4.830715781349681e-32,
        0,
        0,
        -4.830715781349681e-32,
        1,
        0,
        0,
        0,
        0,
        1,
        0,
        0.05581839010119438,
        0.04167909920215607,
        0.10033992677927017,
        1
      ]
    },
    {
      "name": "Ellen_Right_Eye",
      "matrix": [
        1,
        -2.381428387820961e-13,
        2.220446049250313e-16,
        0,
        2.381428387820961e-13,
        1,
        4.996003610813204e-16,
        0,
        -2.220446049250313e-16,
        -4.996003610813204e-16,
        1,
        0,
        0.09195838868618011,
        0.03999999910593033,
        0.07573002576828003,
        1
      ]
    },
    {
      "name": "Ellen_Right_LowerEyelid",
      "matrix": [
        1,
        4.830715781349681e-32,
        0,
        0,
        -4.830715781349681e-32,
        1,
        0,
        0,
        0,
        0,
        1,
        0,
        0.07790838927030563,
        0.04006019979715347,
        0.09371063113212585,
        1
      ]
    },
    {
      "name": "Ellen_Right_UpperEyelid",
      "matrix": [
        1,
        4.830715781349681e-32,
        0,
        0,
        -4.830715781349681e-32,
        1,
        0,
        0,
        0,
        0,
        1,
        0,
        0.09907838702201843,
        0.04006019979715347,
        0.09921252727508545,
        1
      ]
    },
    {
      "name": "Ellen_Right_EyebrowProximal",
      "matrix": [
        1,
        4.830715781349681e-32,
        0,
        0,
        -4.830715781349681e-32,
        1,
        0,
        0,
        0,
        0,
        1,
        0,
        0.11793839186429977,
        0.020075799897313118,
        0.1160392239689827,
        1
      ]
    },
    {
      "name": "Ellen_Right_EyebrowIntermediate",
      "matrix": [
        1,
        4.830715781349681e-32,
        0,
        0,
        -4.830715781349681e-32,
        1,
        0,
        0,
        0,
        0,
        1,
        0,
        0.12862838804721832,
        0.04301559925079346,
        0.11057022958993912,
        1
      ]
    },
    {
      "name": "Ellen_Right_EyebrowDistal",
      "matrix": [
        1,
        4.830715781349681e-32,
        0,
        0,
        -4.830715781349681e-32,
        1,
        0,
        0,
        0,
        0,
        1,
        0,
        0.12370838969945908,
        0.06708129495382309,
        0.09538602828979492,
        1
      ]
    },
    {
      "name": "Ellen_TongueEnd",
      "matrix": [
        1,
        0,
        8.673617379884035e-19,
        0,
        0,
        1,
        -3.8595636085520206e-31,
        0,
        -8.673617379884035e-19,
        3.8595636085520206e-31,
        1,
        0,
        0.02262798696756363,
        2.045672579636311e-16,
        0,
        1
      ]
    },
    {
      "name": "Ellen_TongueDistal",
      "children": [
        37
      ],
      "matrix": [
        0.8660253882408142,
        1.224647249631862e-16,
        0.5,
        0,
        3.2858438785485352e-15,
        1,
        -5.936177995013482e-15,
        0,
        -0.5,
        6.783803018297913e-15,
        0.8660253882408142,
        0,
        0.02505253441631794,
        1.7989082247356143e-17,
        0,
        1
      ]
    },
    {
      "name": "Ellen_TongueProximal",
      "children": [
        38
      ],
      "matrix": [
        0.4935056269168854,
        1.6653346692866328e-16,
        0.8697426319122314,
        0,
        1.1093646096726735e-16,
        1,
        -2.544215128915409e-16,
        0,
        -0.8697426319122314,
        2.220446049250313e-16,
        0.4935056269168854,
        0,
        -0.006377836223691702,
        -4.462236567765271e-18,
        0.058495402336120605,
        1
      ]
    },
    {
      "name": "Ellen_Head",
      "children": [
        1,
        6,
        7,
        8,
        9,
        10,
        11,
        12,
        13,
        14,
        15,
        16,
        17,
        21,
        26,
        27,
        28,
        29,
        30,
        31,
        32,
        33,
        34,
        35,
        36,
        39
      ],
      "matrix": [
        0.9982838034629822,
        -5.030045533912967e-32,
        -0.058561354875564575,
        0,
        5.038693058104791e-32,
        1,
        -8.161582645767032e-41,
        0,
        0.058561354875564575,
        -2.9507268377890677e-33,
        0.9982838034629822,
        0,
        0.07600873708724976,
        -6.118767487618053e-18,
        0,
        1
      ]
    },
    {
      "name": "Ellen_Neck",
      "children": [
        40
      ],
      "matrix": [
        0.9624782800674438,
        6.505224925634332e-19,
        0.27135881781578064,
        0,
        4.081211121434051e-18,
        1,
        -1.6872858258997485e-17,
        0,
        -0.27135881781578064,
        1.7347233105406846e-17,
        0.9624782800674438,
        0,
        0.1970839649438858,
        -6.840626170624909e-17,
        -3.552713599391162e-17,
        1
      ]
    },
    {
      "name": "Ellen_Right_IndexEnd",
      "matrix": [
        1,
        4.85722573273506e-17,
        0,
        0,
        -4.85722573273506e-17,
        1,
        0,
        0,
        0,
        0,
        1,
        0,
        -0.021357664838433266,
        -0.0000029951120268378872,
        -4.3682526040811354e-8,
        1
      ]
    },
    {
      "name": "Ellen_Right_IndexDistal",
      "children": [
        42
      ],
      "matrix": [
        0.9945219159126282,
        -0.10452846437692642,
        -1.2555073425346563e-8,
        0,
        0.10452846437692642,
        0.9945219159126282,
        1.051381826044917e-8,
        0,
        1.1387301768195357e-8,
        -1.1768585217453165e-8,
        1,
        0,
        -0.019697949290275574,
        -0.0000035291934636916267,
        -1.4501905809538584e-7,
        1
      ]
    },
    {
      "name": "Ellen_Right_IndexIntermediate",
      "children": [
        43
      ],
      "matrix": [
        0.9781476259231567,
        -0.20791170001029968,
        -8.44725889237452e-9,
        0,
        0.20791170001029968,
        0.9781476259231567,
        1.0813307582679954e-8,
        0,
        6.014453379776796e-9,
        -1.2333294385769022e-8,
        1,
        0,
        -0.02620934508740902,
        0.000004978231118002441,
        2.2464760718321486e-7,
        1
      ]
    },
    {
      "name": "Ellen_Right_IndexProximal",
      "children": [
        44
      ],
      "matrix": [
        0.9440394043922424,
        -0.29551440477371216,
        0.1464950144290924,
        0,
        0.29803985357284546,
        0.9545407891273499,
        0.0049094767309725285,
        0,
        -0.14128629863262177,
        0.039026614278554916,
        0.9891992211341858,
        0,
        -0.06093985587358475,
        0.01135999895632267,
        -0.022294215857982635,
        1
      ]
    },
    {
      "name": "Ellen_Right_MiddleEnd",
      "matrix": [
        1,
        -4.683753385137379e-17,
        0,
        0,
        4.683753385137379e-17,
        1,
        -1.3877787807814457e-17,
        0,
        6.500013562306921e-34,
        1.3877787807814457e-17,
        1,
        0,
        -0.021357350051403046,
        -0.0000025931608433893416,
        -8.737671208791653e-8,
        1
      ]
    },
    {
      "name": "Ellen_Right_MiddleDistal",
      "children": [
        46
      ],
      "matrix": [
        0.9902680516242981,
        -0.13917312026023865,
        -1.4443734208668957e-8,
        0,
        0.13917312026023865,
        0.9902680516242981,
        1.1250588904943015e-8,
        0,
        1.2737389809558408e-8,
        -1.3151278288603407e-8,
        1,
        0,
        -0.023897897452116013,
        0.000001423308845005522,
        -2.866143056223791e-8,
        1
      ]
    },
    {
      "name": "Ellen_Right_MiddleIntermediate",
      "children": [
        47
      ],
      "matrix": [
        0.9807669520378113,
        -0.19518239796161652,
        -8.548634689020673e-9,
        0,
        0.19518239796161652,
        0.9807669520378113,
        1.1688058521031053e-8,
        0,
        6.102915506289719e-9,
        -1.3131804976751482e-8,
        1,
        0,
        -0.02940882369875908,
        0.0000042146821215283126,
        3.6662953561972245e-8,
        1
      ]
    },
    {
      "name": "Ellen_Right_MiddleProximal",
      "children": [
        48
      ],
      "matrix": [
        0.982813835144043,
        -0.18449760973453522,
        -0.006132674869149923,
        0,
        0.1844940185546875,
        0.9828329682350159,
        -0.0011512668570503592,
        0,
        0.006239801179617643,
        3.917152469057328e-8,
        0.9999805092811584,
        0,
        -0.066249780356884,
        0.012389999814331532,
        -0.003388903569430113,
        1
      ]
    },
    {
      "name": "Ellen_Right_RingEnd",
      "matrix": [
        1,
        3.903127820947816e-17,
        -6.938893903907228e-18,
        0,
        -3.903127820947816e-17,
        1,
        -1.0408340855860843e-17,
        0,
        6.938893903907228e-18,
        1.0408340855860843e-17,
        1,
        0,
        -0.021361079066991806,
        0.000003810049065577914,
        2.704521584462327e-8,
        1
      ]
    },
    {
      "name": "Ellen_Right_RingDistal",
      "children": [
        50
      ],
      "matrix": [
        0.9931153059005737,
        -0.11714112758636475,
        -1.572297136931411e-8,
        0,
        0.11714112758636475,
        0.9931153059005737,
        1.132826366045947e-8,
        0,
        1.4287717675642853e-8,
        -1.3092078532395135e-8,
        1,
        0,
        -0.023830750957131386,
        0.000004192954747850308,
        2.3672413362874067e-8,
        1
      ]
    },
    {
      "name": "Ellen_Right_RingIntermediate",
      "children": [
        51
      ],
      "matrix": [
        0.9704567193984985,
        -0.24127525091171265,
        -1.0737680966599328e-8,
        0,
        0.24127525091171265,
        0.9704567193984985,
        1.1751414064065102e-8,
        0,
        7.58512985754578e-9,
        -1.399497584486653e-8,
        1,
        0,
        -0.02613447606563568,
        -0.0000034694166970439255,
        -1.9839221820916464e-8,
        1
      ]
    },
    {
      "name": "Ellen_Right_RingProximal",
      "children": [
        52
      ],
      "matrix": [
        0.9783133864402771,
        -0.18035228550434113,
        -0.10186250507831573,
        0,
        0.17837722599506378,
        0.9835565090179443,
        -0.028252214193344116,
        0,
        0.10528288036584854,
        0.009469566866755486,
        0.9943972229957581,
        0,
        -0.0642012432217598,
        0.01271000038832426,
